0995459199926809
1124648629675033
6258574375551145
6038614195457250
3500915943676679
1681511607206300
9413698784696238
5314358437075696
0526255988074636
2634748859758286
9642666697566297
4262362250585810
1631370028097437
2730739675734868
0815665481996213
4329779418998472
2978525168125975
0855182429066016
8300499966332080
2223546102098756
2843546376781707
5666129399059605
4795531847397758
2518327506585935
5088749934525215
5588423467147086
3807560539103378
2907783609292092
1850080811250698
0456135046185035
4010266834694861
8144123639976342
1379755665262361
0009056665678452
1429664791448770
8589212885784155
0475539010953386
7626125109438463
2528039004135934
4805727563274638
6516192768261423
2453528301594498
0367576197902499
4617803943343455
8738809880322475
9829310493857806
1649249322889131
4476195112992712
5707281381241630
2206015481002010
6228995321072511
1540870360924405
4133071236553727
2134331183130851
9364278723279904
6658857884542699
7213702162243276
5522781620376208
2936294916277060
9732448564861012
3284746527645183
0194349562075839
4957748201162297
7843995098807187
1123722915769931
4040386946474028
7747801284241880
1473333546927091
5323590183845829
5685634120494018
7430213387741116
2299108272663057
8019023679882610
6162212524705346
8512892147666307
8348750512272680
8350793300412113
0688499260581457
6609548766477801
9994462704953491
0470795174685977
2228441258247022
2190689143812668
6086252500085018
7116365788197140
8796327001541533
2032486511736368
3586552750159395
5421409483535257
2852635643822101
8102175127498362
4320040735119151
7743412470725796
4229693497308075
1847598892868624
1695808832765150
6472789755413358
2451780890192777
0710421267738831
3403243441639776
